Cell ID,True Label,Predicted Label,Effector Memory CD8 Probability,Naive CD8 Probability,Temra CD8 Probability
TCCGAGCTTCCTGC-4,Temra CD8,Temra CD8,0.00074282597,1.916782e-06,0.99925524
TAGGCATGTCTTTG-8,Naive CD8,Naive CD8,5.7946585e-05,0.9999391,2.9242974e-06
AACGCATGGGAGTG-2,Naive CD8,Naive CD8,0.0022794504,0.99770373,1.6817441e-05
GTCTAACTGCTACA-5,Naive CD8,Naive CD8,0.09383789,0.9060369,0.00012518973
TACTTTCTCGGAGA-3,Effector Memory CD8,Effector Memory CD8,0.9994006,0.00038260277,0.00021676479
GTCCCATGAAGTGA-4,Temra CD8,Temra CD8,1.9979547e-05,3.6128547e-06,0.9999764
CAAGTTCTCGGTAT-7,Effector Memory CD8,Effector Memory CD8,0.9998217,0.00013194965,4.6359248e-05
ACGATGACAATCGC-3,Naive CD8,Naive CD8,0.0009461919,0.9990344,1.947791e-05
TATGTCACCCTGAA-1,Temra CD8,Temra CD8,0.03895683,5.1977568e-05,0.96099114
AGATCTCTGTGTAC-3,Effector Memory CD8,Effector Memory CD8,0.9951533,0.0017467274,0.0031000054
GGTGATACGATACC-3,Temra CD8,Temra CD8,4.6515495e-05,1.0722521e-06,0.99995244
GTGATGACGTTCGA-4,Effector Memory CD8,Naive CD8,0.27178994,0.6695677,0.05864236
GCGAGCACCATACG-1,Temra CD8,Temra CD8,0.0008773159,2.5054711e-05,0.9990977
CATGGCCTCCTTGC-5,Temra CD8,Temra CD8,0.017836794,9.892022e-05,0.98206425
AAGGTCTGTCTCAT-5,Temra CD8,Temra CD8,0.00017927085,4.864789e-06,0.9998159
TTACTCGACTGATG-8,Naive CD8,Naive CD8,8.9521905e-05,0.99990714,3.3127358e-06
GGAGTTTGAGGCGA-7,Effector Memory CD8,Effector Memory CD8,0.99988544,7.5450545e-05,3.9141585e-05
GTAGTGACCTTTAC-5,Temra CD8,Temra CD8,0.049113683,0.00020450844,0.9506818
TAGTCTTGGCATAC-6,Effector Memory CD8,Effector Memory CD8,0.99662364,0.00079249754,0.0025839147
AAGTGCACCAGCTA-3,Naive CD8,Naive CD8,0.00036262415,0.999627,1.0311396e-05
ATAAGTACTCGTTT-3,Effector Memory CD8,Effector Memory CD8,0.9995524,0.00010600355,0.00034150993
TCAGACGACGTCTC-5,Temra CD8,Temra CD8,3.2128944e-05,1.1328963e-05,0.9999565
ACTTTGTGCGTTGA-7,Effector Memory CD8,Effector Memory CD8,0.9694092,0.02779521,0.0027956404
AGACACACCCTCAC-7,Temra CD8,Temra CD8,0.00031599318,8.486412e-06,0.9996755
GTTTAAGAGGAAGC-8,Temra CD8,Temra CD8,0.00039113566,4.0953387e-06,0.99960476
CACTGCACCGTCTC-6,Effector Memory CD8,Effector Memory CD8,0.99983513,0.00010450159,6.0322644e-05
GCATCAGAACCTAG-2,Temra CD8,Temra CD8,9.150171e-06,1.3451541e-06,0.9999895
AACGTGTGGTACCA-6,Temra CD8,Temra CD8,0.17742795,0.00040765424,0.8221645
AAGCCATGACACTG-7,Temra CD8,Temra CD8,0.00303718,1.5629492e-05,0.9969472
TATCCAACTTCGTT-2,Naive CD8,Naive CD8,1.8281859e-05,0.999977,4.6949453e-06
CATTTGTGTGGGAG-6,Effector Memory CD8,Effector Memory CD8,0.9997255,7.4368e-05,0.00020011057
CATTTGACCATGCA-7,Temra CD8,Temra CD8,0.00016318083,6.559219e-06,0.99983025
GATTGGACCTAAGC-6,Temra CD8,Temra CD8,0.00037832378,1.7716085e-05,0.9996039
TACTACTGAACGGG-8,Effector Memory CD8,Effector Memory CD8,0.9995425,1.3376113e-05,0.00044416415
GCTACCTGCCTTTA-6,Temra CD8,Temra CD8,0.006256197,1.9568968e-05,0.9937243
ACGACCCTATACCG-5,Effector Memory CD8,Effector Memory CD8,0.8245896,0.174652,0.00075834926
TATGAATGCGTAAC-7,Effector Memory CD8,Effector Memory CD8,0.9996836,0.000105317995,0.00021103924
GGTATGACTATCTC-4,Temra CD8,Temra CD8,0.0069362586,1.2978721e-05,0.9930508
CGTAGCCTAAGCCT-8,Effector Memory CD8,Effector Memory CD8,0.9690597,0.030372828,0.0005674725
TATAGCCTCTAGCA-6,Temra CD8,Temra CD8,3.3336873e-05,2.9122575e-06,0.99996376
AGTTTAGAGACAAA-4,Naive CD8,Naive CD8,0.0007552927,0.9992362,8.461588e-06
AATTCCTGGAGCAG-1,Naive CD8,Naive CD8,0.002275799,0.9977041,2.0078884e-05
AGTTTGCTTGAGAA-8,Temra CD8,Temra CD8,0.00025685978,2.264868e-05,0.9997205
TTAACCACCAATCG-6,Naive CD8,Naive CD8,0.0012980964,0.99860376,9.816602e-05
CAGCTCTGATTCGG-2,Naive CD8,Naive CD8,0.00012466915,0.99986935,5.94211e-06
AGCCGTCTTGCCCT-3,Effector Memory CD8,Effector Memory CD8,0.91029924,0.08551605,0.004184676
TAAAGACTCACTAG-4,Effector Memory CD8,Effector Memory CD8,0.9998914,7.475767e-05,3.3888766e-05
CTTACTGATGCGTA-8,Naive CD8,Naive CD8,4.889632e-05,0.99994516,5.924769e-06
ATGAAGGAGATGAA-3,Effector Memory CD8,Temra CD8,0.023651285,2.3806057e-05,0.9763249
TCGACGCTTCTATC-4,Temra CD8,Temra CD8,0.3001072,0.00051034964,0.6993825
CGGCACGAATTGGC-7,Effector Memory CD8,Effector Memory CD8,0.99911827,6.149005e-05,0.00082028104
CCTAGAGATGTCAG-7,Effector Memory CD8,Effector Memory CD8,0.9995047,0.0004449635,5.0382536e-05
GACAACTGGCAGTT-6,Temra CD8,Temra CD8,0.11597773,0.00048192486,0.8835404
TGATCACTAACGGG-6,Temra CD8,Temra CD8,3.600205e-05,6.988094e-06,0.99995697
CGATCAGACCCTTG-1,Effector Memory CD8,Effector Memory CD8,0.99989617,5.782133e-05,4.603921e-05
CAGAAGCTCTGAAC-6,Effector Memory CD8,Effector Memory CD8,0.9509409,0.000111042405,0.048948023
ATTGAATGAACGGG-7,Temra CD8,Temra CD8,0.05223943,9.4912175e-05,0.9476657
GACCAAACGGCAAG-8,Temra CD8,Temra CD8,1.5650816e-05,3.8219023e-06,0.99998057
TATCGACTCCGAAT-3,Temra CD8,Temra CD8,0.00022447213,2.048081e-05,0.9997551
GTTTAAGATAAAGG-1,Naive CD8,Naive CD8,0.00013893488,0.99985766,3.3229246e-06
AATGCGTGCTGATG-1,Effector Memory CD8,Effector Memory CD8,0.99621564,0.000120824865,0.0036634887
ATTCAAGATGGAGG-1,Temra CD8,Temra CD8,0.00010241383,4.9462947e-06,0.9998926
CGCAAATGCTGTTT-4,Effector Memory CD8,Effector Memory CD8,0.99403775,0.0030000082,0.0029622447
ATAAGTACTGATGC-4,Effector Memory CD8,Effector Memory CD8,0.9993755,8.3189996e-05,0.0005413692
CAAAGCACGCTGTA-4,Effector Memory CD8,Effector Memory CD8,0.9996544,7.8647456e-05,0.00026689246
TTTCCAGACTGACA-4,Naive CD8,Naive CD8,0.0020768172,0.99787486,4.8347116e-05
GAAGTCACAAAGCA-6,Temra CD8,Temra CD8,0.0016057346,1.4081154e-05,0.9983802
CACTAACTCAGTCA-4,Effector Memory CD8,Effector Memory CD8,0.99814403,0.00028242348,0.0015735456
ACTCTATGTAAGGA-3,Naive CD8,Naive CD8,0.00012299279,0.9998661,1.0831599e-05
GGCTCACTGGTGAG-2,Effector Memory CD8,Effector Memory CD8,0.9978046,4.840733e-05,0.0021469912
CTACAACTGCGATT-2,Naive CD8,Naive CD8,0.00016871165,0.999818,1.3287077e-05
GAGGTGGAATCGAC-7,Temra CD8,Temra CD8,0.002330156,2.7379467e-05,0.99764246
AGGGAGTGCTCATT-7,Effector Memory CD8,Effector Memory CD8,0.9992219,0.00016299929,0.00061502616
GTGATCGAGCTACA-3,Temra CD8,Temra CD8,0.00036382346,1.99361e-05,0.99961627
TTTGCATGGACTAC-4,Naive CD8,Naive CD8,5.999713e-05,0.99993753,2.4424203e-06
ATGCTTTGCTCTAT-8,Naive CD8,Naive CD8,0.00035631433,0.99962616,1.7476978e-05
GTCTGAGAGCAGAG-7,Effector Memory CD8,Effector Memory CD8,0.9995529,2.3765653e-05,0.00042327624
GCGACTCTCAATCG-4,Naive CD8,Naive CD8,5.7938073e-06,0.99999106,3.1360464e-06
CACCTGACTCCGAA-3,Effector Memory CD8,Effector Memory CD8,0.99959654,0.0002156564,0.00018783339
AGACTGACACGCTA-5,Effector Memory CD8,Effector Memory CD8,0.99951816,0.0001956909,0.00028610753
GAACACACCCCTTG-6,Temra CD8,Temra CD8,0.018850207,0.00010067862,0.9810492
TGACTTTGACTGGT-1,Effector Memory CD8,Effector Memory CD8,0.9953585,0.0042342166,0.0004073086
GGACAACTTTCGGA-4,Effector Memory CD8,Effector Memory CD8,0.99982375,8.0071215e-05,9.623723e-05
ATGGTGACGATAAG-4,Temra CD8,Effector Memory CD8,0.78078395,0.000556529,0.21865948
TCGTAGGAATCGAC-2,Effector Memory CD8,Effector Memory CD8,0.9981192,2.4603889e-05,0.0018561808
ACGTCGCTCTATGG-8,Effector Memory CD8,Effector Memory CD8,0.9978842,5.440967e-05,0.0020613263
TACCGCTGCTTCGC-1,Effector Memory CD8,Effector Memory CD8,0.99794894,2.4290406e-05,0.0020267824
GACGTCCTCCTCAC-5,Temra CD8,Temra CD8,0.00029386132,1.9194363e-06,0.9997042
CGAAGGGATTGGTG-7,Effector Memory CD8,Effector Memory CD8,0.9977938,6.286528e-05,0.0021434042
GAGCGAGAGAATAG-1,Naive CD8,Naive CD8,0.0013416623,0.99864274,1.5613221e-05
CTGAGCCTCTAAGC-4,Temra CD8,Temra CD8,0.002353668,2.0736468e-05,0.99762565
TTAACCACTGCGTA-7,Effector Memory CD8,Effector Memory CD8,0.52766156,0.0026793936,0.46965906
TAGGTGACAGAGGC-6,Naive CD8,Naive CD8,0.00011482103,0.9998722,1.2970829e-05
AGTGACACGTCTTT-4,Effector Memory CD8,Effector Memory CD8,0.99308914,0.005443911,0.0014670013
CCAATTTGCTCCCA-1,Temra CD8,Temra CD8,0.114144966,0.00055224355,0.8853028
AACTACCTATCTTC-5,Naive CD8,Naive CD8,7.14879e-05,0.9999275,9.546352e-07
ATGCACGATCTCGC-2,Naive CD8,Naive CD8,0.010086907,0.98974425,0.00016890762
TGACTTACAGCTCA-4,Effector Memory CD8,Effector Memory CD8,0.99987614,2.1042295e-05,0.000102775135
GGGCCATGCATACG-1,Naive CD8,Naive CD8,6.56766e-05,0.9999237,1.0570613e-05
ACACGTGAATACCG-4,Effector Memory CD8,Effector Memory CD8,0.999777,0.00015068735,7.235818e-05
TAAGCTCTGCAGAG-1,Effector Memory CD8,Effector Memory CD8,0.9998192,2.4805975e-05,0.00015604068
CGTACAGACTGATG-8,Effector Memory CD8,Effector Memory CD8,0.99960595,0.00014035439,0.0002537387
GACCCTACAAGGCG-6,Effector Memory CD8,Effector Memory CD8,0.9995322,0.00031684645,0.00015093808
CACTCCGAGGATCT-7,Effector Memory CD8,Effector Memory CD8,0.9999399,3.1801166e-05,2.8284005e-05
TACGAGACCGTAGT-6,Effector Memory CD8,Effector Memory CD8,0.99902034,0.0002951489,0.00068449037
TGACTTTGTTGAGC-8,Effector Memory CD8,Effector Memory CD8,0.9998578,9.384843e-05,4.83768e-05
AAAGCCTGCTTCCG-6,Effector Memory CD8,Effector Memory CD8,0.9995753,0.00015688497,0.00026775184
CCCAAAGATGGCAT-7,Naive CD8,Naive CD8,0.000101596124,0.99989176,6.614968e-06
TGCGTAGAGCGAAG-6,Naive CD8,Naive CD8,0.0001909835,0.9998031,5.875238e-06
GCGTAAACCATCAG-8,Effector Memory CD8,Effector Memory CD8,0.9525246,3.4976845e-05,0.04744039
ACTGTGGATTCCAT-7,Effector Memory CD8,Effector Memory CD8,0.998588,4.909523e-05,0.0013628769
TCCCTACTCACACA-6,Naive CD8,Naive CD8,0.0017397492,0.99816126,9.901167e-05
CACGACCTGCTCCT-7,Effector Memory CD8,Effector Memory CD8,0.9964598,0.00085362233,0.0026866044
CACAGCCTTCGCCT-1,Effector Memory CD8,Effector Memory CD8,0.9973773,0.0005058177,0.002116969
GCCAACCTGAAAGT-5,Temra CD8,Effector Memory CD8,0.72337925,0.00015965548,0.27646115
CTTGTATGTGAACC-4,Temra CD8,Temra CD8,0.0026386897,0.00028240692,0.9970789
CGTAACGAAACCAC-8,Temra CD8,Temra CD8,0.0001413389,1.008359e-05,0.9998486
CATCAACTCTGGAT-8,Naive CD8,Naive CD8,0.0007988142,0.9991918,9.337329e-06
TGACCGCTAAGGGC-7,Naive CD8,Naive CD8,0.00038869685,0.9996075,3.8737107e-06
GAAGTGCTGCGGAA-1,Effector Memory CD8,Effector Memory CD8,0.99996257,5.6505232e-06,3.1757092e-05
AGGTGGGAGAATCC-8,Effector Memory CD8,Effector Memory CD8,0.99955076,9.530596e-05,0.0003539054
CAGCTAGAACTACG-8,Effector Memory CD8,Effector Memory CD8,0.9982193,0.0014790132,0.00030170733
AGCGCCGAAGCATC-5,Naive CD8,Naive CD8,0.00024696207,0.9997383,1.47511455e-05
GCACGGTGAAAAGC-5,Temra CD8,Temra CD8,4.840936e-05,3.686003e-06,0.9999479
TGTATGCTAAGATG-1,Naive CD8,Naive CD8,7.4100804e-05,0.99991226,1.3688564e-05
AGCGCCGAAGTGCT-4,Effector Memory CD8,Effector Memory CD8,0.99994326,5.0167884e-05,6.577545e-06
TCGACCTGGGAGTG-1,Naive CD8,Naive CD8,0.00411168,0.9958702,1.8079532e-05
CATCTTGATCTCGC-6,Effector Memory CD8,Effector Memory CD8,0.9999604,3.404709e-05,5.4948064e-06
GAAGTAGAGACTAC-8,Temra CD8,Temra CD8,6.574728e-05,8.896857e-06,0.9999254
ACTTCTGACTAAGC-7,Naive CD8,Naive CD8,0.0001301996,0.99986625,3.5523221e-06
TTCACAACCTTTAC-8,Temra CD8,Temra CD8,0.00011752226,5.8412033e-06,0.9998766
TGTGATCTTGGGAG-6,Temra CD8,Temra CD8,0.00011720663,6.095786e-06,0.99987674
TGACCAGAGTTGAC-7,Temra CD8,Temra CD8,5.886877e-06,1.029554e-06,0.9999931
CAATCGGAAAAACG-4,Temra CD8,Temra CD8,0.00016752603,1.1395811e-05,0.9998211
ATCTCAACTGCTCC-8,Naive CD8,Naive CD8,0.00013551241,0.9998598,4.635759e-06
TACTCTGATGCAAC-7,Naive CD8,Naive CD8,4.5650835e-05,0.99995136,2.9693908e-06
CGCCATTGCTGCAA-5,Effector Memory CD8,Effector Memory CD8,0.99959236,0.00020869501,0.00019900776
TGGTACGAAGCACT-2,Temra CD8,Temra CD8,0.00031728903,2.1301594e-06,0.99968064
GATGACACGTCTAG-7,Naive CD8,Naive CD8,0.00018777071,0.9998054,6.912334e-06
TTCGTATGTGAACC-4,Temra CD8,Temra CD8,0.030369239,2.665244e-05,0.9696041
TACTCTGAACCAGT-8,Temra CD8,Temra CD8,0.000593356,3.8628034e-05,0.999368
CTGCCAACTATCGG-1,Temra CD8,Temra CD8,5.527838e-05,3.4002717e-06,0.99994135
AGACACACCAGAAA-6,Temra CD8,Temra CD8,7.2797986e-05,1.3851001e-06,0.99992585
CATCAACTATTGGC-5,Naive CD8,Naive CD8,0.00010794353,0.99988675,5.3503363e-06
CCTAAGGAGTCGTA-7,Effector Memory CD8,Effector Memory CD8,0.90742755,0.091783226,0.00078921753
CATCTTGACGTGTA-8,Naive CD8,Naive CD8,0.00014314815,0.9998491,7.754702e-06
GAGCGCTGTGCTCC-6,Naive CD8,Naive CD8,4.3350487e-05,0.99995375,2.919784e-06
CCAGTGCTTTTGCT-1,Effector Memory CD8,Effector Memory CD8,0.99417794,0.0023805038,0.0034415913
TGGCAATGACCTTT-6,Temra CD8,Temra CD8,0.025816841,0.00039454445,0.9737887
GAAACCTGACGTTG-1,Naive CD8,Naive CD8,4.3098473e-05,0.99995506,1.8116067e-06
CATTTGACTGCTAG-6,Naive CD8,Naive CD8,0.00040591953,0.99959105,2.9891373e-06
AACTCACTGGGTGA-8,Effector Memory CD8,Effector Memory CD8,0.9998752,8.010444e-05,4.467255e-05
CACAGTGAGTTCTT-5,Temra CD8,Temra CD8,0.00029838135,3.56619e-05,0.999666
GTATTAGATGACAC-6,Temra CD8,Temra CD8,0.0034002108,0.00025169682,0.9963481
GATTCTTGCCTGAA-1,Effector Memory CD8,Effector Memory CD8,0.99982244,2.258688e-05,0.00015499364
CATGTTACTTCCAT-4,Temra CD8,Temra CD8,0.022207964,0.00017032195,0.9776217
AAGTTCCTGCCATA-7,Temra CD8,Temra CD8,0.0002843275,2.0313993e-05,0.9996954
ATTACCTGACGGTT-4,Temra CD8,Temra CD8,0.018797515,0.0013298133,0.9798727
TGGAGGGATGTCCC-7,Effector Memory CD8,Effector Memory CD8,0.99935776,2.6793174e-05,0.0006154929
TTATGAGACGTACA-8,Temra CD8,Temra CD8,0.008537983,0.00022552592,0.99123645
TAGGCTGAAACCTG-5,Naive CD8,Naive CD8,0.00044398528,0.99955016,5.863252e-06
CTGTATACTGCATG-2,Naive CD8,Naive CD8,0.0003821477,0.99961424,3.5270946e-06
GCATGTGAGTACGT-8,Temra CD8,Temra CD8,2.121021e-05,2.3309135e-06,0.9999765
TAAGAACTCTGCAA-8,Effector Memory CD8,Effector Memory CD8,0.99653184,0.0033475782,0.0001205039
CAGGTTGATTGGTG-7,Effector Memory CD8,Effector Memory CD8,0.9997235,0.00010837023,0.00016816113
ATAGTCCTTTCTAC-1,Effector Memory CD8,Effector Memory CD8,0.99985814,6.8861e-05,7.2995776e-05
CCTATTGACCAATG-2,Naive CD8,Naive CD8,0.00014305465,0.99985564,1.3208834e-06
TAGGTTCTGTTCGA-8,Naive CD8,Naive CD8,0.045354255,0.95435864,0.00028718385
AACTCTTGAAGGTA-2,Naive CD8,Naive CD8,0.00049001205,0.99950504,4.9935843e-06
AAAGCCTGCGAGAG-5,Temra CD8,Temra CD8,0.0045743426,0.0031039594,0.99232167
GTCAATCTTGGTAC-1,Naive CD8,Naive CD8,0.0050431136,0.9949321,2.4759629e-05
CTTACTGACTACTT-6,Temra CD8,Temra CD8,0.0010360663,7.2276166e-06,0.9989567
CCTATTGAAGTCTG-1,Naive CD8,Naive CD8,2.5102725e-05,0.9999722,2.6808023e-06
TATGGGTGCGGTAT-8,Naive CD8,Naive CD8,6.945089e-05,0.99992895,1.5448184e-06
CATGTTTGATTCTC-6,Effector Memory CD8,Effector Memory CD8,0.9996841,4.5101846e-05,0.0002708357
GTAACGTGTCGATG-7,Naive CD8,Effector Memory CD8,0.5633824,0.4357949,0.00082270824
ATCAAATGTGGAAA-7,Naive CD8,Naive CD8,0.001379363,0.9985825,3.815469e-05
TAAGAACTTTGACG-3,Temra CD8,Temra CD8,0.0007841339,0.011505376,0.9877104
ACGCTGCTAAACAG-4,Temra CD8,Temra CD8,0.005761361,0.00011043061,0.9941282
ATTTCGTGCTTCTA-4,Effector Memory CD8,Effector Memory CD8,0.99889827,0.0008954053,0.00020625493
AAGTGCACGTCCTC-5,Temra CD8,Temra CD8,0.00030881798,5.3978465e-06,0.99968576
CTGATTTGTACTGG-2,Naive CD8,Naive CD8,0.0010404185,0.99893945,2.0120318e-05
GAGGGAACGTTCTT-7,Effector Memory CD8,Effector Memory CD8,0.99082655,9.2158094e-05,0.009081312
ACGAACACCTTCTA-6,Temra CD8,Temra CD8,0.00035381448,4.9503913e-05,0.99959666
GAGATGCTACTTTC-5,Naive CD8,Naive CD8,5.989692e-05,0.9999386,1.5329749e-06
AGCTGTGAGATAAG-4,Effector Memory CD8,Effector Memory CD8,0.74749464,9.625593e-05,0.2524092
CCCTAGTGTTTCAC-5,Temra CD8,Temra CD8,0.00030833366,7.5418984e-06,0.9996841
GAATTAACGTCTAG-6,Temra CD8,Temra CD8,0.19742998,0.0009118378,0.80165815
CAGCCTTGATTCCT-1,Temra CD8,Temra CD8,0.00019360708,5.7774323e-06,0.9998006
CTTTGATGTAACCG-2,Naive CD8,Naive CD8,5.4474265e-05,0.9999306,1.4930433e-05
GAAGTCACCAAGCT-5,Temra CD8,Temra CD8,0.0011674676,1.30572525e-05,0.9988194
CAATATGATATCGG-5,Temra CD8,Temra CD8,0.010696607,9.551359e-06,0.9892938
CTGAAGTGTAGAAG-2,Effector Memory CD8,Effector Memory CD8,0.9998791,7.895642e-06,0.0001130144
GCTACCTGTGTCGA-8,Effector Memory CD8,Effector Memory CD8,0.9848631,0.00041096742,0.014725944
GTGCCACTTGGTGT-7,Effector Memory CD8,Effector Memory CD8,0.9824697,0.0003463818,0.017183911
TATCTCGACTCAGA-3,Naive CD8,Naive CD8,0.00014824128,0.99984944,2.3211812e-06
AAGTGCACGTATGC-5,Temra CD8,Temra CD8,0.00082500326,7.328283e-05,0.99910176
TGTGATCTACCCAA-2,Effector Memory CD8,Effector Memory CD8,0.99987626,6.398182e-05,5.975318e-05
ACTGCCTGCTCGAA-8,Temra CD8,Temra CD8,0.00010102631,4.9391037e-06,0.999894
TTCCAAACTTCTGT-1,Effector Memory CD8,Effector Memory CD8,0.96963567,0.029652957,0.0007113886
ACACCCTGCGGTAT-4,Effector Memory CD8,Effector Memory CD8,0.99991584,8.9967525e-06,7.511203e-05
ATATACGAAAGGCG-5,Naive CD8,Effector Memory CD8,0.68791735,0.31188765,0.00019499307
AGCAACACTGTCTT-1,Temra CD8,Temra CD8,0.026717143,0.00016822957,0.9731146
TTGAATGACGCAAT-7,Naive CD8,Naive CD8,6.8135654e-05,0.99992883,2.9837868e-06
CAGTGATGCTTCCG-3,Naive CD8,Naive CD8,1.1958786e-05,0.99998677,1.2908149e-06
TGTGAGACCCCTTG-3,Effector Memory CD8,Effector Memory CD8,0.9909334,2.6838981e-05,0.009039768
GACGCCGAGGTAGG-1,Effector Memory CD8,Effector Memory CD8,0.9998467,6.0658105e-05,9.258832e-05
CGACAAACTCTCGC-8,Effector Memory CD8,Effector Memory CD8,0.9999714,3.0860087e-06,2.5494974e-05
ACCACAGATGAGGG-8,Naive CD8,Naive CD8,0.002027236,0.99794716,2.557905e-05
ACGATCGATGCTGA-2,Naive CD8,Naive CD8,0.012393073,0.9875853,2.165945e-05
ACCTGAGAAAACGA-3,Naive CD8,Naive CD8,0.0003889456,0.9995993,1.1812346e-05
GCCCAACTTCACGA-4,Temra CD8,Temra CD8,0.0005910324,4.4231147e-05,0.9993648
CAATCGGATACTTC-7,Naive CD8,Naive CD8,0.0020869488,0.9979062,6.9086846e-06
CTTCTAGATATCTC-5,Effector Memory CD8,Effector Memory CD8,0.99982977,4.36079e-05,0.00012658307
CAGCTCACTCCTTA-7,Effector Memory CD8,Effector Memory CD8,0.9999664,1.9290437e-05,1.4347473e-05
ACTCTATGGCATAC-1,Temra CD8,Temra CD8,1.5356867e-05,7.322743e-06,0.99997735
CTAAACCTAACGGG-1,Naive CD8,Naive CD8,0.00016196941,0.9998356,2.338917e-06
AGAGAATGCCAACA-3,Naive CD8,Naive CD8,0.0001126684,0.9998827,4.602044e-06
CGCAACCTCAAAGA-8,Naive CD8,Naive CD8,0.0005206019,0.99947184,7.5551466e-06
TGTTAAGACACACA-6,Temra CD8,Temra CD8,0.04447932,7.826867e-05,0.9554424
ATGCCGCTAGGTCT-4,Temra CD8,Temra CD8,0.00021352533,9.14093e-06,0.9997774
AGACACTGACACGT-6,Temra CD8,Temra CD8,0.0064526554,0.000458596,0.9930888
CTCATTGATCCTAT-8,Effector Memory CD8,Effector Memory CD8,0.99961674,0.00015432466,0.00022886123
GGTACATGACGTGT-1,Naive CD8,Naive CD8,0.00017407174,0.9998179,8.0586115e-06
TCAGTACTTCGCAA-2,Temra CD8,Temra CD8,3.8260303e-05,4.639775e-06,0.9999571
CAATTCACGAGGCA-6,Naive CD8,Naive CD8,0.00011234506,0.99988496,2.7207357e-06
AACTCACTACCATG-1,Effector Memory CD8,Effector Memory CD8,0.99719054,1.196516e-05,0.002797462
TAACCGGAACCACA-3,Naive CD8,Naive CD8,0.0010522694,0.99892586,2.1855187e-05
GTAATAACCTGATG-1,Temra CD8,Effector Memory CD8,0.6499158,0.00010886324,0.34997532
TACTGGGAGGTGGA-7,Naive CD8,Naive CD8,0.008770816,0.99115515,7.3983116e-05
ATACCGGATTATCC-5,Temra CD8,Temra CD8,2.6729005e-05,2.7163198e-06,0.99997056
ATCTCAACGTTGGT-7,Effector Memory CD8,Effector Memory CD8,0.9601575,0.039402902,0.00043958516
GTGAACACTCGATG-7,Naive CD8,Naive CD8,0.00016078273,0.99983585,3.382223e-06
CTGAGCCTCTTATC-5,Temra CD8,Temra CD8,0.004028468,5.3525873e-05,0.995918
GTAGACTGGGGCAA-1,Naive CD8,Naive CD8,2.2023072e-05,0.9999745,3.489491e-06
TGGTAGACATTCTC-4,Effector Memory CD8,Effector Memory CD8,0.99996066,4.023846e-06,3.533831e-05
AAGGTGCTGAGGTG-6,Temra CD8,Temra CD8,0.0007977149,3.7950742e-06,0.9991985
TTCACAACCTGTAG-8,Naive CD8,Naive CD8,5.969251e-05,0.9999361,4.222928e-06
ATTACCACTAGACC-8,Effector Memory CD8,Effector Memory CD8,0.99809545,0.00014715162,0.0017574086
CCTCATCTTTTGGG-8,Effector Memory CD8,Effector Memory CD8,0.9985996,0.00039633698,0.0010040976
TACAAATGGTAGCT-2,Naive CD8,Naive CD8,0.00020055864,0.99978775,1.1669594e-05
GTTGGATGCCTATT-6,Naive CD8,Naive CD8,0.008855768,0.9911144,2.9870276e-05
GCACACCTCTATGG-4,Effector Memory CD8,Effector Memory CD8,0.9994311,0.00033907086,0.00022978046
TGCGTAGAAGCACT-4,Naive CD8,Naive CD8,0.0005348113,0.9994331,3.2044332e-05
GACAACACCCCAAA-1,Naive CD8,Naive CD8,0.0006777851,0.9993042,1.807456e-05
AATCAAACGCGTTA-1,Temra CD8,Temra CD8,0.00026332904,6.253978e-06,0.9997304
AGAACGCTCTACCC-7,Naive CD8,Naive CD8,0.00084339356,0.9991497,6.9124603e-06
CCTACCGAATAAGG-7,Effector Memory CD8,Effector Memory CD8,0.9999329,1.25114975e-05,5.4541084e-05
CGTAACGATGCATG-8,Effector Memory CD8,Effector Memory CD8,0.9937756,2.9332583e-05,0.006195098
GCACGGACGTAGCT-8,Effector Memory CD8,Effector Memory CD8,0.99989533,5.501047e-05,4.969052e-05
ATTTCGTGATCAGC-8,Temra CD8,Temra CD8,0.032994136,2.5878744e-05,0.9669799
GCTTGAGATTACTC-4,Naive CD8,Naive CD8,0.00039229423,0.9996051,2.661762e-06
AGGGTGGAGGTACT-3,Temra CD8,Temra CD8,0.0018672056,1.214702e-05,0.9981206
ACGCCTTGCCCAAA-3,Effector Memory CD8,Effector Memory CD8,0.9966845,2.2882305e-05,0.003292591
CGATCAGAAGCAAA-2,Effector Memory CD8,Effector Memory CD8,0.9993643,0.000365879,0.00026979795
TGATTAGAAAGATG-2,Effector Memory CD8,Effector Memory CD8,0.9986777,0.00016024736,0.0011620453
ACGCCGGATTCATC-6,Temra CD8,Temra CD8,5.3783744e-05,1.1732658e-06,0.99994504
CTCAGCACGGCAAG-1,Naive CD8,Naive CD8,5.661822e-05,0.9999417,1.6349967e-06
AGTGACTGACTAGC-3,Temra CD8,Temra CD8,2.8056958e-05,8.3990653e-07,0.99997115
ATTTAGGAAGCCTA-2,Naive CD8,Naive CD8,0.26242387,0.736718,0.0008580893
TAACCGGATACAGC-4,Effector Memory CD8,Effector Memory CD8,0.9999726,1.3650462e-05,1.3811159e-05
TTAGGGACCGACAT-2,Naive CD8,Naive CD8,0.0024107099,0.9975477,4.165291e-05
CTGACCACTGCCAA-5,Naive CD8,Naive CD8,0.00037817896,0.99961483,6.9198873e-06
GCATCAGACTAGTG-8,Effector Memory CD8,Effector Memory CD8,0.999951,2.3857292e-05,2.511335e-05
CTGCGACTGTCTTT-1,Temra CD8,Temra CD8,0.0005092557,3.1051382e-05,0.9994597
AAGTTATGAGACTC-6,Effector Memory CD8,Effector Memory CD8,0.99941766,5.2192852e-05,0.00053017226
AAACTTGAGCTATG-4,Effector Memory CD8,Effector Memory CD8,0.99804187,0.0015192219,0.0004388491
TATTGCTGGTCTGA-4,Effector Memory CD8,Effector Memory CD8,0.9992144,1.52246e-05,0.00077037985
CATTCCCTCGTACA-3,Temra CD8,Temra CD8,0.00018063994,4.8892184e-06,0.99981445
CAAGCATGCTGCAA-1,Temra CD8,Effector Memory CD8,0.9411698,9.62969e-05,0.058733884
CAATATGAGCAGTT-7,Temra CD8,Temra CD8,0.00040273208,8.920208e-06,0.9995883
GGACAGGATTCACT-4,Effector Memory CD8,Effector Memory CD8,0.9990398,0.00016761974,0.00079249614
AGGAATGACTTGAG-8,Effector Memory CD8,Effector Memory CD8,0.999265,0.00058801234,0.0001469571
TACCGAGACTATTC-7,Effector Memory CD8,Effector Memory CD8,0.9975979,0.0022873264,0.00011484229
CTTTACGATCGCTC-3,Temra CD8,Temra CD8,2.1383172e-05,2.0129849e-06,0.99997663
CGTTAACTTTACCT-6,Naive CD8,Naive CD8,0.0002687948,0.9997255,5.62015e-06
ATAGTCCTTAAAGG-4,Naive CD8,Naive CD8,0.00027126278,0.9997156,1.3119443e-05
TATCACTGGCTGAT-1,Naive CD8,Naive CD8,0.0012397901,0.99874544,1.4690388e-05
CGAGGAGACGCAAT-4,Effector Memory CD8,Effector Memory CD8,0.9982874,0.0007619071,0.00095069513
CAAGCATGTCAGTG-8,Naive CD8,Naive CD8,0.0033319371,0.9966456,2.2350641e-05
CTCCATCTTGCTCC-2,Effector Memory CD8,Effector Memory CD8,0.9997811,1.9356738e-05,0.00019952787
GATAGAGAGTCTGA-3,Effector Memory CD8,Effector Memory CD8,0.9998405,0.00011451645,4.492996e-05
GGTGATACGTGTTG-8,Temra CD8,Effector Memory CD8,0.7628762,0.0007492764,0.23637448
AACGTCGAGTCTGA-5,Effector Memory CD8,Effector Memory CD8,0.9971705,3.964813e-05,0.0027898275
CCTAAACTTACTGG-6,Naive CD8,Naive CD8,0.0013385729,0.9986526,8.870174e-06
TTACGTACCTACCC-5,Temra CD8,Temra CD8,0.06959085,8.777849e-05,0.93032134
GACATTCTGTCACA-3,Temra CD8,Temra CD8,0.2840794,0.020098984,0.6958216
GATTGGTGTGACAC-6,Naive CD8,Naive CD8,0.00071695505,0.9992575,2.5571657e-05
GCACGGACTTTGGG-5,Effector Memory CD8,Effector Memory CD8,0.9997348,8.563139e-05,0.00017948708
CCCGATTGAAGAAC-1,Temra CD8,Temra CD8,0.001585093,2.259785e-05,0.9983923
CATTGACTTTCTTG-5,Temra CD8,Temra CD8,0.042959835,0.0014044931,0.95563567
CTTGAGGAAAACAG-3,Temra CD8,Effector Memory CD8,0.97127163,0.001003427,0.02772497
CACTTTGAAGCGGA-2,Naive CD8,Naive CD8,0.00018197525,0.99981517,2.8392337e-06
ATAGATTGGTATGC-1,Effector Memory CD8,Effector Memory CD8,0.99834776,0.0013976358,0.00025463544
TTAACCACACCTGA-7,Naive CD8,Naive CD8,0.0005565298,0.9994392,4.267505e-06
CTGAAGTGAGATCC-3,Naive CD8,Naive CD8,0.00032865303,0.9996203,5.1014624e-05
AACACTCTACGTTG-4,Effector Memory CD8,Effector Memory CD8,0.9977296,0.000824869,0.001445509
TTCTAGTGAGAGAT-8,Effector Memory CD8,Effector Memory CD8,0.9959709,0.0018805176,0.0021485435
ACACGATGTGCTTT-3,Naive CD8,Naive CD8,0.00013477086,0.999863,2.167921e-06
AGCACAACTCCGTC-5,Naive CD8,Naive CD8,0.00020591756,0.9997831,1.0985405e-05
GAGTGTTGATGACC-7,Effector Memory CD8,Effector Memory CD8,0.9977982,0.00012318789,0.0020786687
CGCACGGACGAATC-7,Effector Memory CD8,Effector Memory CD8,0.99615496,7.534884e-05,0.003769726
ATTTGCACCGTAGT-3,Temra CD8,Temra CD8,0.0004107069,4.8302198e-05,0.99954104
CAGGTAACATTGGC-1,Effector Memory CD8,Effector Memory CD8,0.99988997,6.2173094e-05,4.78646e-05
CAGAGGGATCCAAG-4,Temra CD8,Temra CD8,0.00010490131,3.577516e-06,0.9998915
AGTGAAGAAAGAAC-1,Temra CD8,Temra CD8,0.025068285,0.025288643,0.949643
ATCCCGTGACCACA-4,Naive CD8,Naive CD8,1.3563093e-05,0.999985,1.5097002e-06
TCTAACTGCCACAA-7,Effector Memory CD8,Effector Memory CD8,0.999884,4.264098e-06,0.000111677735
CTCCTACTTAAGGA-7,Naive CD8,Naive CD8,0.00027925547,0.9996743,4.6414654e-05
AGAGTCTGAGAAGT-1,Temra CD8,Temra CD8,0.00020822193,2.2715454e-05,0.99976903
ATGATATGGACTAC-5,Temra CD8,Effector Memory CD8,0.97583145,2.7649607e-05,0.024140889
CGCATAGAGACAAA-3,Effector Memory CD8,Effector Memory CD8,0.99945766,1.5036588e-05,0.0005272624
GTACGAACTTGGTG-7,Naive CD8,Naive CD8,7.79482e-05,0.99991214,9.890505e-06
ATACCTTGCCCTAC-2,Effector Memory CD8,Effector Memory CD8,0.99935645,0.0003889097,0.00025460048
TTCGTATGCTCAGA-4,Temra CD8,Temra CD8,0.00044808528,5.297223e-05,0.99949896
GATCCCTGTGTGAC-2,Naive CD8,Naive CD8,6.987335e-05,0.99992406,6.0049297e-06
AGTTTAGAGTCTTT-5,Temra CD8,Effector Memory CD8,0.6634105,0.0008578339,0.33573166
CTCCGAACCAGTTG-4,Naive CD8,Naive CD8,0.00016774332,0.99982697,5.3750286e-06
CAGGTATGTTACCT-4,Naive CD8,Naive CD8,0.00050185405,0.99942905,6.902748e-05
AGGTTCGAGCATAC-5,Temra CD8,Temra CD8,3.3761546e-05,2.1909352e-06,0.999964
TAGATCCTTCTACT-4,Temra CD8,Temra CD8,7.1681294e-05,9.3867754e-07,0.9999274
GCCATGCTAGTCGT-4,Temra CD8,Temra CD8,5.725827e-05,4.5682254e-06,0.99993813
CATCTTGATCCTAT-2,Effector Memory CD8,Effector Memory CD8,0.9999025,7.317605e-05,2.4314062e-05
TGATTCACGTGTAC-8,Naive CD8,Naive CD8,0.0034854608,0.9964946,1.991708e-05
GATTCGGAGCTGAT-7,Effector Memory CD8,Effector Memory CD8,0.9998586,8.574272e-06,0.0001327511
TCCGAAGAAACGGG-3,Effector Memory CD8,Effector Memory CD8,0.9978721,0.0017284364,0.00039947516
CCAGCACTTCGTTT-3,Naive CD8,Naive CD8,0.004606789,0.9953759,1.73143e-05
ATAGATTGACTACG-6,Temra CD8,Temra CD8,1.9779198e-05,5.6115236e-06,0.9999746
ACGTCAGAAGTACC-3,Naive CD8,Naive CD8,0.0004060627,0.9995684,2.5508407e-05
GGTGGAGACACCAA-5,Naive CD8,Naive CD8,0.0007175431,0.9990376,0.00024480844
TCGTTATGTAGTCG-3,Naive CD8,Naive CD8,0.0033596526,0.99662673,1.367065e-05
CACAATCTGGTTAC-1,Temra CD8,Temra CD8,0.000948731,3.0191839e-06,0.9990483
GATCGATGGGGTGA-6,Effector Memory CD8,Effector Memory CD8,0.9985832,2.043276e-05,0.0013964024
AGTGTTCTGTGTAC-7,Temra CD8,Temra CD8,0.00078390236,4.9511323e-06,0.9992111
GAGAGGTGGCTTCC-5,Effector Memory CD8,Effector Memory CD8,0.8083403,5.8689e-05,0.19160102
TCGACCTGTCAGGT-7,Temra CD8,Temra CD8,0.0011753716,1.109656e-05,0.9988135
CACCGTACCAACCA-7,Temra CD8,Temra CD8,0.0010206348,5.689159e-05,0.99892247
CTATGTACAGTGTC-7,Temra CD8,Temra CD8,4.3569697e-05,1.7636305e-06,0.9999547
TCGATTTGCTCCCA-1,Naive CD8,Naive CD8,0.0009998039,0.9989643,3.5831526e-05
ACGTCGCTCGTGAT-1,Effector Memory CD8,Effector Memory CD8,0.99888617,0.0010535594,6.0246828e-05
GATCTTACTCTACT-6,Naive CD8,Naive CD8,0.0004431542,0.99953485,2.205243e-05
GCCCAGGACTCATT-6,Effector Memory CD8,Naive CD8,0.4593326,0.53747624,0.0031911961
TGCTGAGACGTTGA-4,Naive CD8,Effector Memory CD8,0.7109873,0.28817186,0.00084084773
TAAGTAACCTTCCG-7,Effector Memory CD8,Effector Memory CD8,0.99938977,7.6622426e-05,0.0005335395
TAGGTGACTTGCTT-7,Temra CD8,Temra CD8,2.4392013e-05,1.2300609e-06,0.99997437
GCCGGAACAGAGTA-8,Effector Memory CD8,Effector Memory CD8,0.8196269,7.6618264e-05,0.18029639
TACCGCTGAAGTAG-5,Naive CD8,Naive CD8,0.00010626047,0.99989223,1.4346238e-06
GAAGCGGATGCTTT-3,Effector Memory CD8,Effector Memory CD8,0.9996025,0.00011136194,0.00028619333
CTGAACGAACGGTT-4,Effector Memory CD8,Effector Memory CD8,0.99894136,8.6532156e-05,0.0009721026
ATTTGCACTAGAGA-7,Effector Memory CD8,Effector Memory CD8,0.97800946,0.021361638,0.0006289132
GTTTAAGATCCCGT-3,Temra CD8,Temra CD8,1.0482332e-05,5.755359e-06,0.9999838
ACCTTTGAGTTTCT-5,Temra CD8,Temra CD8,0.077278525,0.00063906575,0.9220824
CTATTGTGACGTAC-3,Naive CD8,Naive CD8,0.00019697228,0.999801,2.096367e-06
AGAATTTGCCCTCA-4,Effector Memory CD8,Effector Memory CD8,0.9998084,0.00012378392,6.788294e-05
CTGAAGACATGTGC-1,Effector Memory CD8,Effector Memory CD8,0.99450266,0.0049622045,0.0005351875
GGCAATACAGGCGA-4,Naive CD8,Naive CD8,7.247748e-05,0.9999261,1.4766282e-06
AAGGCTACCAGCTA-8,Naive CD8,Naive CD8,0.0020309696,0.99018294,0.0077861487
ATGATATGCCTGTC-1,Naive CD8,Naive CD8,0.002523834,0.9974287,4.7486305e-05
GGCCCAGATGAAGA-4,Naive CD8,Naive CD8,0.00047258363,0.99951935,8.043899e-06
CGCTACACAAGGTA-3,Effector Memory CD8,Effector Memory CD8,0.9993937,2.1715405e-05,0.00058452855
CACTAGGAAGCATC-4,Effector Memory CD8,Effector Memory CD8,0.9996536,0.00013469612,0.00021169729
TTCAGTACAGCTCA-3,Effector Memory CD8,Temra CD8,0.25728437,0.000118405886,0.74259716
TCTATGTGTATGCG-3,Temra CD8,Temra CD8,0.30606452,0.00020753953,0.69372797
GACTGATGATCGGT-8,Temra CD8,Temra CD8,0.00012885757,2.426969e-05,0.9998468
CGAAGGGACCATAG-4,Naive CD8,Naive CD8,0.0007546487,0.9992354,1.0004457e-05
TTAGTCACCCCAAA-1,Effector Memory CD8,Effector Memory CD8,0.99994755,7.804516e-06,4.4585762e-05
CGAAGGGAGAGACG-4,Effector Memory CD8,Effector Memory CD8,0.95166636,0.04352711,0.0048064617
CTATAAGATGACAC-8,Naive CD8,Naive CD8,0.0002992336,0.9996934,7.438387e-06
ACTTTGTGTATTCC-3,Naive CD8,Naive CD8,0.00023416574,0.9997563,9.502562e-06
GTACGTGAACAGCT-5,Temra CD8,Temra CD8,0.00032712295,4.020971e-05,0.9996326
CCAGCACTATACCG-5,Temra CD8,Temra CD8,0.005731008,4.3016636e-05,0.99422604
AGGTCTGATGCTTT-6,Effector Memory CD8,Effector Memory CD8,0.97504073,0.00015208025,0.024807215
GGAATCTGCTCAGA-1,Effector Memory CD8,Effector Memory CD8,0.99985564,8.147022e-05,6.286645e-05
CGACCTACAACGAA-5,Effector Memory CD8,Effector Memory CD8,0.9977406,1.4213456e-05,0.0022452073
GTAGCAACAGGAGC-1,Effector Memory CD8,Effector Memory CD8,0.9997634,2.6045313e-05,0.00021049245
ATGACGTGTGACAC-5,Effector Memory CD8,Effector Memory CD8,0.9994122,0.00015858792,0.0004292918
CCTCTACTAGGCGA-2,Effector Memory CD8,Effector Memory CD8,0.89854443,0.09486046,0.006595119
ACGATTCTCATGGT-1,Effector Memory CD8,Effector Memory CD8,0.9953963,0.0044375556,0.0001661303
AATTGATGTATGCG-6,Naive CD8,Naive CD8,0.0015755321,0.9983901,3.4422777e-05
TTGCATTGGCTCCT-7,Effector Memory CD8,Effector Memory CD8,0.9992269,1.872242e-05,0.0007543718
CCATTAACTCTCAT-6,Effector Memory CD8,Effector Memory CD8,0.99974304,0.00013939697,0.0001175376
TTACGTACATGTCG-8,Effector Memory CD8,Effector Memory CD8,0.99103206,0.0085532535,0.0004146541
GCTAGATGAGTTCG-6,Effector Memory CD8,Effector Memory CD8,0.9979184,0.001773205,0.00030841288
AACTACCTATTCCT-2,Effector Memory CD8,Effector Memory CD8,0.99363756,0.00052011665,0.0058422964
TAAGAGGAAGAGAT-3,Effector Memory CD8,Effector Memory CD8,0.6245224,0.0012008176,0.3742768
ACTGTTACCCTTTA-7,Effector Memory CD8,Effector Memory CD8,0.99949694,0.0003156717,0.00018733133
ACCACGCTTCCAGA-7,Temra CD8,Temra CD8,9.379559e-05,6.0218417e-06,0.9999002
TTTGACTGACCACA-7,Temra CD8,Temra CD8,0.0051560705,9.5204405e-06,0.9948344
GCGGACTGTAAGGA-2,Temra CD8,Temra CD8,0.000103738195,1.15100665e-05,0.9998847
CAGAAGCTCCATGA-4,Temra CD8,Temra CD8,0.00011867332,5.370301e-06,0.9998759
CTGACAGACTATGG-4,Temra CD8,Temra CD8,3.2663527e-05,1.891023e-06,0.9999654
TGTTACTGGCGTTA-7,Effector Memory CD8,Effector Memory CD8,0.99982893,1.815805e-05,0.00015283971
AACGCATGGCAGTT-5,Temra CD8,Temra CD8,0.0008173402,7.777036e-06,0.9991749
TATCTGACGTCATG-1,Effector Memory CD8,Effector Memory CD8,0.99996245,1.1991282e-05,2.5586867e-05
GCTTAACTCTGTGA-2,Temra CD8,Temra CD8,0.00022645225,8.691857e-05,0.9996866
ACCTGAGAGTTAGC-4,Temra CD8,Temra CD8,0.00011707589,1.2254718e-05,0.99987066
TCAAGGACAAGGGC-1,Temra CD8,Temra CD8,3.4617624e-06,1.664265e-06,0.9999949
TAGGTCGAAGCGTT-4,Effector Memory CD8,Effector Memory CD8,0.9975077,0.0021165072,0.0003757682
TGTGATCTAAGTGA-1,Naive CD8,Naive CD8,4.908982e-05,0.9999455,5.3806207e-06
CCACGGGAAGCACT-5,Temra CD8,Temra CD8,0.0017241525,4.50502e-05,0.9982309
CTAAGGACTCAAGC-5,Temra CD8,Temra CD8,0.00068081066,2.0393732e-05,0.9992988
GCGGCAACTGGCAT-4,Temra CD8,Temra CD8,0.0042930543,2.4717781e-05,0.99568224
CGATCAGACTTACT-4,Naive CD8,Naive CD8,1.3868615e-05,0.99998224,3.89936e-06
CATACTACGAACCT-2,Naive CD8,Naive CD8,0.00047235194,0.999522,5.72474e-06
GCGAGAGATTTCTG-1,Temra CD8,Temra CD8,7.023663e-05,4.148653e-06,0.9999256
GGCTAATGTCACCC-3,Naive CD8,Naive CD8,0.0022929478,0.9976235,8.351799e-05
GAAATACTGAATCC-7,Effector Memory CD8,Effector Memory CD8,0.99975103,7.074258e-06,0.00024194401
GTACTTTGACTCAG-8,Naive CD8,Naive CD8,4.26016e-05,0.99995506,2.368572e-06
CTAGAGACAGGCGA-7,Effector Memory CD8,Effector Memory CD8,0.99840194,5.634513e-05,0.0015417204
TACATAGACCGATA-3,Naive CD8,Naive CD8,0.00017929694,0.99981266,8.09569e-06
ATACCTTGCTTGGA-7,Naive CD8,Naive CD8,0.0008192377,0.9991768,3.9483093e-06
GATCTTACCACTCC-4,Temra CD8,Temra CD8,4.935535e-06,9.3324695e-07,0.99999416
TCGGTAGAGCGTAT-2,Effector Memory CD8,Effector Memory CD8,0.99985087,2.785492e-05,0.00012123049
CGACGTCTGGTTCA-5,Effector Memory CD8,Effector Memory CD8,0.99946135,2.6668531e-05,0.00051199575
GTCTGAGACTAAGC-6,Temra CD8,Temra CD8,0.32664716,0.00016037498,0.67319244
GTAGACTGTGACAC-4,Effector Memory CD8,Effector Memory CD8,0.9995721,4.7979156e-05,0.00037989093
GCGCACGAGATGAA-4,Effector Memory CD8,Effector Memory CD8,0.99998355,5.6742133e-06,1.081951e-05
GCGACTCTCTATTC-4,Effector Memory CD8,Effector Memory CD8,0.9675336,0.030924939,0.0015415433
GTGCTAGACCCGTT-2,Naive CD8,Naive CD8,0.0002500421,0.99973315,1.6766337e-05
CTTACATGTCCTGC-3,Naive CD8,Naive CD8,0.00014292516,0.99985313,3.9525157e-06
TGTGACGAAACAGA-7,Naive CD8,Naive CD8,3.4147197e-05,0.9999647,1.1290567e-06
AATACTGAACGTTG-5,Naive CD8,Naive CD8,7.832901e-05,0.99991906,2.605554e-06
CAAGGTTGCCTCGT-5,Naive CD8,Naive CD8,4.4623965e-05,0.999938,1.7354952e-05
ATCTTGACTGGAGG-2,Naive CD8,Naive CD8,1.8783485e-05,0.9999796,1.5630716e-06
CAACGAACGATACC-7,Effector Memory CD8,Effector Memory CD8,0.9998373,7.3768664e-05,8.8978595e-05
TGGAAGCTTCGTTT-2,Effector Memory CD8,Effector Memory CD8,0.9987915,5.268215e-06,0.0012032143
ACGGGAGAGTCTAG-4,Naive CD8,Naive CD8,0.4799993,0.5194407,0.0005599936
GCCGACGACTGTCC-8,Naive CD8,Naive CD8,0.00028159597,0.9997112,7.1315662e-06
CCGGAGTGCTTCCG-8,Effector Memory CD8,Effector Memory CD8,0.9998053,4.8354934e-05,0.00014635747
CGTACCACATCGGT-6,Temra CD8,Temra CD8,0.000124766,1.1345852e-05,0.99986386
GATACTCTGACAAA-6,Temra CD8,Temra CD8,6.339607e-05,1.33367585e-05,0.9999232
CACTGAGACTTTAC-4,Naive CD8,Naive CD8,0.00025875145,0.9997254,1.5810621e-05
CGAGATTGACTAGC-3,Effector Memory CD8,Effector Memory CD8,0.99502426,0.004517826,0.0004578377
CATCTCCTTTGGTG-1,Effector Memory CD8,Effector Memory CD8,0.92610836,0.07332398,0.0005676467
CCAGCTACACTTTC-7,Naive CD8,Naive CD8,0.20002542,0.7984061,0.0015684364
GCGGACTGTTCCGC-7,Naive CD8,Naive CD8,0.00013752183,0.9998536,8.886112e-06
ACAGCAACCGCATA-1,Effector Memory CD8,Effector Memory CD8,0.9992015,7.533065e-05,0.0007232443
TGGAGACTAAGCAA-3,Naive CD8,Naive CD8,0.00013869244,0.9998584,2.9665898e-06
GGCCCAGACTTGCC-7,Temra CD8,Temra CD8,0.002826862,4.669757e-05,0.9971264
ACTTAAGACTTAGG-2,Temra CD8,Temra CD8,0.00016188966,9.538501e-07,0.99983716
ACCAACGATAAAGG-2,Effector Memory CD8,Effector Memory CD8,0.99885356,2.1005064e-05,0.0011254702
CGTACAGATAGCGT-1,Naive CD8,Naive CD8,5.520501e-05,0.99994075,4.001075e-06
AATGTAACGTTCAG-3,Effector Memory CD8,Effector Memory CD8,0.9988336,1.4672473e-05,0.0011516842
AACTACCTCAGATC-4,Naive CD8,Naive CD8,9.42599e-06,0.9999875,3.1057484e-06
ACCATTACTCGCCT-2,Effector Memory CD8,Effector Memory CD8,0.9998042,2.3017828e-05,0.0001728538
CGACTCACAAGAGT-3,Effector Memory CD8,Effector Memory CD8,0.9963207,0.0012872895,0.0023919416
GCATTGGAACCAGT-8,Naive CD8,Naive CD8,0.00012174429,0.9998658,1.2501652e-05
GTTCAACTGTACAC-7,Effector Memory CD8,Effector Memory CD8,0.9995664,1.582577e-05,0.00041772984
GCGAGAGACTGATG-5,Effector Memory CD8,Effector Memory CD8,0.99918026,0.0006871802,0.00013255038
CCGGAGACAAGCCT-8,Effector Memory CD8,Effector Memory CD8,0.8669783,0.13288382,0.00013789366
TACGACGACTTGAG-6,Naive CD8,Naive CD8,0.00041308245,0.9995815,5.426558e-06
CCGACTACGTGTTG-1,Temra CD8,Temra CD8,9.738256e-06,6.2249396e-06,0.999984
CGCTAAGACCCGTT-2,Effector Memory CD8,Effector Memory CD8,0.99971014,4.1111012e-05,0.00024871808
TATGGGACGACACT-2,Naive CD8,Naive CD8,0.00013076434,0.99984753,2.1625608e-05
GCACGTCTCCCACT-5,Temra CD8,Temra CD8,0.005862479,3.9115035e-05,0.9940984
TAGCCCTGGTCTGA-3,Naive CD8,Naive CD8,0.0006733515,0.9993247,1.9975332e-06
GTAAGCTGTTGAGC-7,Naive CD8,Naive CD8,5.8883685e-05,0.99993503,6.097432e-06
CGAGGGCTCTACTT-4,Effector Memory CD8,Effector Memory CD8,0.9966001,0.0017502413,0.0016496339
CGTGAAACCTGATG-7,Temra CD8,Temra CD8,0.00010143337,5.980452e-06,0.9998926
TTGGTACTCGTTGA-1,Effector Memory CD8,Effector Memory CD8,0.987862,0.010771928,0.0013660208
TACGCCACCGAGTT-1,Temra CD8,Temra CD8,2.9346654e-06,1.5650444e-06,0.99999547
GATATATGCTATGG-1,Effector Memory CD8,Effector Memory CD8,0.9992949,0.00011208639,0.00059298903
ACGGCGTGTACAGC-6,Naive CD8,Naive CD8,0.0004956156,0.9994935,1.0865535e-05
TTACCATGCGCAAT-2,Temra CD8,Temra CD8,0.0002663007,1.5902533e-05,0.9997178
GTGCCACTTTCGGA-7,Temra CD8,Temra CD8,0.0071376706,1.2881152e-05,0.99284947
GAGGGTGAGTAAAG-8,Effector Memory CD8,Effector Memory CD8,0.9992161,3.0660525e-05,0.00075323717
CAAGAAGAGGGTGA-3,Naive CD8,Naive CD8,0.000569934,0.99942636,3.7117006e-06
TGATTAGATGTTCT-1,Effector Memory CD8,Effector Memory CD8,0.9999417,7.904408e-06,5.0414856e-05
GAATGCACCTGGAT-2,Temra CD8,Temra CD8,0.00036752466,3.979777e-05,0.9995927
TTAGACCTATCACG-7,Effector Memory CD8,Effector Memory CD8,0.99950635,0.00021418302,0.0002794414
ATTAGATGTCATTC-6,Temra CD8,Temra CD8,0.0006253272,7.815099e-06,0.9993668
AGGCCTCTTCCTTA-6,Temra CD8,Temra CD8,0.0093097575,0.00017296456,0.9905173
ACCATTACGACAGG-2,Naive CD8,Naive CD8,2.3835786e-05,0.99997413,1.9737458e-06
TAACGTCTCACACA-3,Naive CD8,Naive CD8,0.0006125417,0.99938536,2.1193173e-06
TAAGCTCTACTAGC-8,Naive CD8,Naive CD8,6.693249e-05,0.9999312,1.8310308e-06
CACCACTGCTGACA-7,Naive CD8,Naive CD8,0.0014261999,0.9985526,2.111241e-05
CATTGTACGTCATG-2,Temra CD8,Temra CD8,0.41146782,0.0024972544,0.58603495
CTTCACCTAGTCTG-2,Effector Memory CD8,Effector Memory CD8,0.9974443,0.0022935353,0.000262216
TTCAAAGACCTTGC-1,Effector Memory CD8,Effector Memory CD8,0.99997675,5.7299617e-06,1.7504928e-05
AGCATCGACACTTT-1,Naive CD8,Naive CD8,0.0020958614,0.9978911,1.3068551e-05
GTGAGGGAAAGTGA-5,Effector Memory CD8,Effector Memory CD8,0.9989157,2.0769006e-05,0.0010635795
ACTACGGAAGGTCT-8,Naive CD8,Naive CD8,0.0054739797,0.9945209,5.1122875e-06
ACGTCCTGTTTCAC-5,Naive CD8,Naive CD8,0.008896484,0.99092734,0.00017625204
GTATCACTCAGTTG-6,Effector Memory CD8,Effector Memory CD8,0.9996275,7.949817e-06,0.00036451887
TTTAGGCTTAGAGA-7,Temra CD8,Temra CD8,5.2294912e-05,1.10093515e-05,0.9999367
AGAATACTACGGAG-1,Naive CD8,Naive CD8,7.001409e-05,0.9999269,3.0851152e-06
ATCTTTCTCTGTTT-2,Effector Memory CD8,Effector Memory CD8,0.9995765,4.9578648e-05,0.00037387596
ATCTACACCTCGCT-6,Temra CD8,Temra CD8,0.16080296,8.298316e-05,0.83911407
